TRANSFORMER
4.795319640118143
4.448862033189783
4.325151256892992
4.247636376947597
4.213069578299776
4.188587430594624
4.195374527991106
4.139019211709211
4.13856189607998
4.111562682810613
4.126645044428139
4.099704703271101
4.1021615203451995
4.058592410479191
4.098344262671356
4.066386750354859
4.063398896784022
4.056785168855087
4.062364474586818
4.077834686795295
4.036979082125972
4.099741885051635
4.061172335620087
4.080002789336127
4.038702324392715
4.061453342437744
4.056511421710397
4.060963180330065
4.032424182707561
4.034026735646713
4.045012880638602
4.058710178891242
4.070405145774141
4.060646899080507
4.078554375736034
