RNN
5.280847965009067
5.03681156719728
4.81091695669098
4.788471382905778
4.660594388067767
4.718843486134774
4.6753723608791695
4.65902316669099
4.640821695507426
4.5641065163098515
4.56285815159899
4.521364479740491
4.501118044792124
4.508571968639176
4.523242804908896
4.494202864286859
4.500645423528388
4.479127865585062
4.544101028039928
4.529209506718305
4.518834171747928
4.5156460773163305
4.518494839405959
4.537945099495009
4.532430832064413
4.489829046167461
4.473535629350077
4.493155274071366
4.50199610071247
4.477135156812574
4.48704675542922
4.506889606474393
4.493508045890768
4.4971218324731685
4.487888524293361
