GRU
5.89443991358512
5.314700307572975
4.876253036960409
4.7018266829136355
4.4614860368296
4.412863221847661
4.2967325484025
4.211649655936442
4.166035306300987
4.084428400766966
4.051217517640776
4.004047988138436
3.9724334394832974
3.963339540234345
3.964000635427376
3.915310854918991
3.89916314464273
3.859944605072729
3.8936840265248174
3.8617833379344466
3.8253734920288984
3.811982263724608
3.8058840163956034
3.8026814010687673
3.81168447281062
3.756434622256488
3.7512951520662514
3.7593399626739776
3.7592056157809948
3.7492919031084257
3.740143649723625
3.7448208201802937
3.7410418179669414
3.74353201360566
3.719210266348286
