GRU
0.0
0.004984637722373009
0.012871087528765202
0.017902765423059464
0.02401319518685341
0.029585808515548706
0.0354757159948349
0.04237569123506546
0.05045361816883087
0.058717478066682816
0.06585817039012909
0.07053814083337784
0.07859660685062408
0.08774339407682419
0.0972411185503006
0.11285676807165146
0.1363459825515747
0.14596597850322723
0.16065584123134613
0.1769219934940338
0.19591182470321655
0.21228216588497162
0.23230241239070892
0.25660088658332825
0.2805904746055603
0.31029587984085083
0.343797892332077
0.3912186324596405
0.44933265447616577
0.5064634084701538
0.5701428055763245
0.6505532264709473
0.7665698528289795
0.8749758005142212
1.0
