RNN
0.0
0.0024412430357187986
0.004558000713586807
0.007432607468217611
0.0101624121889472
0.013212539255619049
0.017039259895682335
0.020103052258491516
0.02369529753923416
0.02791004441678524
0.03153941035270691
0.03560642525553703
0.04076399654150009
0.04509513080120087
0.050114430487155914
0.0553719736635685
0.06078828126192093
0.06644921004772186
0.07270613312721252
0.07939177006483078
0.08750199526548386
0.0948755070567131
0.10464522987604141
0.11634612828493118
0.12733106315135956
0.14161650836467743
0.15880663692951202
0.17918771505355835
0.20831535756587982
0.25060901045799255
0.30393898487091064
0.3842123746871948
0.5083602070808411
0.7037414312362671
1.0
